Winter;32;33;26
Page;93;100;68
Abramson;45;47;90
Finch;38;83;58
Hancock;53;28;27
Adamson;82;55;84
Gilbert;72;29;27
Raleigh;57;79;47
Andrews;38;68;73
Carter;55;78;33
Kennedy;77;90;53
Little;31;71;68
Adderiy;97;94;65
Bawerman;66;99;71
Day;65;89;74
Michaelson;84;97;84
Kennett;59;31;33
Gerald;42;61;26
James;98;39;28
Foster;89;93;32
Kingsman;81;91;52
Taft;30;56;51
Tracey;88;36;81
Daniels;71;40;93
Cramer;67;64;34
Fitzgerald;91;89;56
Samuels;32;78;36
Russel;83;31;63
Pass;79;54;25
Becker;70;40;96
Attwood;83;47;81
Turner;88;30;62
Youmans;32;70;94
Arthurs;42;35;58
Oldman;53;58;89
Dunce;86;85;58
Neal;65;83;91
Goodman;76;24;29
Fraser;48;92;61
Atcheson;62;66;73
Durham;48;92;31
Miers;42;79;79
Fleming;83;85;33
Cook;49;28;48
Wayne;57;73;25
Haig;41;67;47
Gill;98;42;34
Porter;81;55;85
Albertson;42;77;32
Blare;24;87;46
Owen;93;93;24
Pearcy;79;48;49
Mansfield;77;97;31
Baldwin;49;40;86
Dowman;56;80;29
Young;32;75;34
Roger;62;92;82
Sherlock;30;32;96
Babcock;89;53;91
Higgins;54;99;39
Farmer;84;41;87
Jeff;92;77;73
Timmons;71;43;73
Gimson;91;25;38
Leapman;57;47;25
Ayrton;32;98;93
Wood;47;56;55
Jenkin;69;25;48
Ward;59;61;61
Waller;40;26;49
Morrison;91;80;35
Osborne;74;92;98
Duncan;61;62;72
WifKinson;67;26;95
Chapman;76;26;99
Crossman;89;70;70
Conors;66;84;36
Jacobson;80;76;93
Smith;52;43;52
Bargeman;42;80;91
Forman;99;87;95
Nathan;78;35;89
Stevenson;73;80;42
Allford;64;54;52
Vaughan;48;83;42
Sheldon;66;91;65
Richards;62;82;46
Salomon;71;87;35
Calhoun;40;76;33
Archibald;98;100;74
Nicholson;68;97;47
Erickson;54;51;69
Enderson;84;46;30
Thornton;53;89;83
Leman;78;31;39
Bosworth;42;44;78
Bush;98;88;75
Taylor;31;35;38
Derrick;39;62;36
Miller;53;70;44
Larkins;44;87;56
Douglas;80;25;97
Walter;55;74;26
Macduff;69;92;85
Flatcher;100;51;38
Roberts;77;81;30
Farrell;79;63;34
Ryder;69;36;73
Wainwright;87;26;49
Macey;34;25;83
Lewin;99;30;40
Milton;61;40;81
Dutton;93;54;38
Ralphs;96;72;98
30.333333333333332
87.0
60.666666666666664
59.666666666666664
36.0
73.66666666666667
42.666666666666664
61.0
59.666666666666664
55.333333333333336
73.33333333333333
56.666666666666664
85.33333333333333
78.66666666666667
76.0
88.33333333333333
41.0
43.0
55.0
71.33333333333333
74.66666666666667
45.666666666666664
68.33333333333333
68.0
55.0
78.66666666666667
48.666666666666664
59.0
52.666666666666664
68.66666666666667
70.33333333333333
60.0
65.33333333333333
45.0
66.66666666666667
76.33333333333333
79.66666666666667
43.0
67.0
67.0
57.0
66.66666666666667
67.0
41.666666666666664
51.666666666666664
51.666666666666664
58.0
73.66666666666667
50.333333333333336
52.333333333333336
70.0
58.666666666666664
68.33333333333333
58.333333333333336
55.0
47.0
78.66666666666667
52.666666666666664
77.66666666666667
64.0
70.66666666666667
80.66666666666667
62.333333333333336
51.333333333333336
43.0
74.33333333333333
52.666666666666664
47.333333333333336
60.333333333333336
38.333333333333336
68.66666666666667
88.0
65.0
62.666666666666664
67.0
76.33333333333333
62.0
83.0
49.0
71.0
93.66666666666667
67.33333333333333
65.0
56.666666666666664
57.666666666666664
74.0
63.333333333333336
64.33333333333333
49.666666666666664
90.66666666666667
70.66666666666667
58.0
53.333333333333336
75.0
49.333333333333336
54.666666666666664
87.0
34.666666666666664
45.666666666666664
55.666666666666664
62.333333333333336
67.33333333333333
51.666666666666664
82.0
63.0
62.666666666666664
58.666666666666664
59.333333333333336
54.0
47.333333333333336
56.333333333333336
60.666666666666664
61.666666666666664
88.66666666666667
65.50877192982456 63.23684210526316 58.36842105263158 